inherited Form1_LgXhdpiPh: TForm1_LgXhdpiPh
  ClientHeight = 695
  ClientWidth = 450
  DesignerMasterStyle = 3
  inherited Label1: TLabel
    Position.X = 24.000000000000000000
    Size.Width = 417.000000000000000000
    TextSettings.Font.Size = 35.000000000000000000
  end
  inherited Button1: TButton
    Position.X = 116.000000000000000000
    Position.Y = 578.000000000000000000
    Size.Width = 207.000000000000000000
  end
end
